MyArray=[1,3,5;6,7,8;-1,50,0;4,5,2];
MyArray2=[1,4,3,2];